plik1
0;0;0;0;2;4
2;0;0;0;0;0
0;0;6;3;0;1
0;0;0;0;6;0
0;0;4;0;0;0
0;4;2;0;0;5

plik2
>><>;
>;;><
>;>;;
;;;;;
<;;;>
<;<><

plik3 (w ktora strone strzalka)
;;gd;g
g;;;;d
dg;;;;
;;;;d;
g;dg;;

[[(0, [2], []), (0, [2], [4]), (0, [], [4, 2, 3]), (0, [4, 2, 3], []), (2, [], [4]), (4, [], [3])], 
[(2, [2], [3]), (0, [], [4]), (0, [1], []), (0, [2], [1]), (0, [], [4, 2]), (0, [4, 1, 3], [])], 
[(0, [2, 1, 3], []), (0, [], [4, 3]), (6, [2], []), (3, [], [4]), (0, [], []), (1, [], [1])], 
[(0, [], [1]), (0, [1], []), (0, [], []), (0, [], []), (6, [3], []), (0, [], [])], 
[(0, [], [2, 3]), (0, [4], []), (4, [3], []), (0, [], [3]), (0, [2], [1]), (0, [], [4])], 
[(0, [1], [2]), (4, [4], []), (2, [], [2, 1]), (0, [4, 2, 1], []), (0, [], [4, 2]), (5, [4], [])]]